13
3 3 100 4 2 100 2 4 50 3 1 50 4 2 30 1 4 30 1 3 10 0 3 10 1 4 -10 1 4 -10 1 4 -10 1 4 -10 1 4 -10 
4 4 100 5 1 100 2 0 100 4 0 100 3 2 80 1 2 80 0 0 80 0 1 80 1 1 80 0 2 80 1 0 80 0 1 80 0 3 60 
5 3 100 4 0 100 3 2 50 0 4 50 1 5 30 3 2 30 4 3 10 2 2 10 4 2 10 5 1 10 7 1 10 6 3 10 5 5 -10 
6 4 100 6 3 80 8 1 80 7 3 80 9 2 80 10 0 80 7 0 80 9 1 60 11 0 60 10 0 60 7 0 60 4 1 60 6 1 60 
7 3 100 5 2 100 6 3 100 7 0 100 6 1 100 4 0 100 5 1 100 4 0 80 2 2 60 0 3 60 0 4 40 1 2 40 3 1 40 
8 4 100 7 3 80 5 1 80 6 3 80 3 4 60 3 6 40 3 3 20 1 0 20 3 1 20 5 3 20 6 4 0 6 4 0 6 4 0 
9 3 100 8 5 40 10 5 20 11 2 20 12 3 20 10 5 0 10 5 0 10 5 0 10 5 0 10 5 0 10 5 0 10 5 0 10 5 0 
6 1 100 3 1 100 4 1 100 2 1 100 0 0 100 2 0 100 3 2 100 4 1 80 4 3 80 3 4 80 1 1 80 1 3 80 3 5 60 
4 8 100 1 7 50 0 4 0 0 4 0 0 4 0 0 4 0 0 4 0 0 4 0 0 4 0 0 4 0 0 4 0 0 4 0 0 4 0 
5 9 100 7 6 0 7 6 0 7 6 0 7 6 0 7 6 0 7 6 0 7 6 0 7 6 0 7 6 0 7 6 0 7 6 0 7 6 0 
6 10 100 6 7 100 5 9 100 6 8 100 4 5 0 4 5 0 4 5 0 4 5 0 4 5 0 4 5 0 4 5 0 4 5 0 4 5 0 
7 11 100 5 8 100 7 8 100 4 10 100 3 9 50 1 10 50 0 8 50 1 7 0 1 7 0 1 7 0 1 7 0 1 7 0 1 7 0 
6 12 100 6 13 100 4 13 100 6 11 100 4 10 100 3 12 100 1 13 100 3 10 100 4 11 100 3 9 100 3 7 100 0 8 100 2 5 0 
5 13 100 6 11 100 7 11 100 9 9 100 10 8 50 9 5 50 8 6 50 7 3 0 7 3 0 7 3 0 7 3 0 7 3 0 7 3 0 
4 14 100 2 14 100 3 11 100 1 13 100 3 10 100 3 8 100 1 6 50 1 8 50 0 5 0 0 5 0 0 5 0 0 5 0 0 5 0 
4 11 100 2 11 100 1 12 100 0 12 100 0 10 100 0 7 100 2 8 100 1 5 0 1 5 0 1 5 0 1 5 0 
