19
3 3 100 3 5 60 1 6 60 1 8 -10 
4 4 100 1 5 80 0 6 80 1 7 10 2 5 10 0 6 10 0 5 10 1 3 -10 
5 3 100 2 1 100 2 2 100 0 1 100 2 3 100 3 0 100 1 0 100 2 0 100 1 1 100 1 0 50 1 1 50 1 0 50 2 0 50 3 1 50 0 3 50 0 5 50 0 7 30 1 6 10 0 4 10 
6 4 80 5 5 40 5 7 0 
7 3 100 5 2 100 3 4 100 0 2 100 0 3 100 0 1 100 1 1 100 3 0 100 0 1 100 0 3 100 1 4 50 0 5 50 1 6 50 2 6 50 1 3 50 0 1 50 1 0 50 0 0 50 
8 4 80 7 1 80 4 0 80 5 0 80 7 1 80 4 3 80 4 4 10 5 6 10 4 8 10 2 8 10 0 8 -10 
9 3 100 10 4 100 9 1 100 9 0 100 10 0 100 11 2 100 9 3 100 8 1 100 7 0 100 8 1 100 5 3 50 2 5 50 0 3 50 0 5 50 1 5 50 3 2 50 4 2 50 6 4 50 8 3 50 
6 1 100 5 3 80 4 3 80 3 0 80 2 0 80 3 2 80 0 2 80 0 4 80 1 4 80 3 3 80 5 5 -20 
4 8 100 5 10 100 7 12 100 6 14 100 3 13 100 5 11 100 5 8 100 6 5 50 6 4 50 6 6 50 4 3 0 
5 9 100 7 7 0 
6 10 100 8 11 100 8 8 50 5 8 0 
7 11 100 4 9 100 4 6 0 
6 12 100 7 9 100 6 7 0 
5 13 100 3 14 100 5 14 100 2 11 100 0 13 100 1 12 100 1 11 100 1 13 100 1 14 100 3 13 100 3 11 50 1 10 50 0 10 50 1 12 50 0 14 50 0 11 50 2 9 50 0 8 0 
4 14 100 1 13 100 3 12 100 3 9 100 3 11 100 2 11 100 4 9 100 4 6 0 
4 11 100 3 12 100 0 13 100 1 10 50 3 7 0 
