15
3 3 100 0 4 50 1 2 50 3 2 50 2 3 30 2 0 30 0 0 30 1 0 30 3 1 30 3 3 30 5 2 30 2 4 30 2 5 30 1 4 30 2 2 30 
4 4 100 6 6 100 6 5 100 8 3 100 6 0 100 4 1 100 1 0 100 1 2 100 0 1 100 1 1 100 3 1 100 5 3 100 4 3 100 1 0 100 0 0 100 
5 3 100 6 0 50 8 1 50 5 2 50 3 3 50 4 3 30 2 5 10 3 6 -10 
6 4 100 5 4 100 3 1 100 2 3 100 4 5 80 5 2 80 4 4 80 3 2 60 0 2 60 0 3 60 2 0 60 2 2 60 3 2 60 0 2 60 1 3 60 1 5 60 
7 3 100 9 0 100 10 0 100 12 0 100 11 2 100 12 1 100 12 3 100 12 0 100 14 2 100 12 2 100 14 3 100 14 5 100 12 6 100 13 7 100 12 5 100 13 7 100 
8 4 100 5 2 100 5 3 100 7 1 100 4 2 100 6 0 100 7 0 100 9 0 100 9 2 100 7 3 100 5 1 100 6 0 100 7 1 100 4 1 100 2 0 100 0 2 100 
9 3 100 8 5 100 9 2 100 11 4 100 8 2 100 5 1 100 5 0 100 2 2 80 1 2 80 1 3 80 0 3 80 2 5 60 1 5 40 3 7 20 3 8 20 
6 1 100 3 3 100 3 4 100 2 2 100 3 3 100 3 2 100 2 4 100 1 3 60 0 0 60 0 2 60 2 4 60 4 2 60 6 4 60 6 1 60 5 2 60 3 3 60 
4 8 100 2 5 0 
5 9 100 5 11 100 4 11 100 1 11 100 2 11 100 3 12 100 4 10 100 4 12 100 4 14 100 1 13 100 0 13 100 0 10 100 0 8 50 0 10 0 
6 10 100 7 12 100 8 12 100 7 12 100 4 10 100 5 9 100 6 9 50 4 8 50 5 9 50 6 11 50 4 10 50 2 9 50 4 9 50 1 11 50 3 10 0 
7 11 100 6 10 100 3 9 100 4 9 100 5 11 100 2 13 100 2 10 100 4 7 100 5 4 0 
6 12 100 7 10 100 9 10 100 7 11 100 6 11 100 7 9 100 5 10 100 4 11 100 3 13 100 0 11 100 1 9 100 0 7 50 1 9 50 3 10 0 
5 13 100 3 14 100 1 12 100 2 14 100 3 14 100 0 11 100 2 8 50 2 6 50 4 6 50 6 6 0 
4 14 100 1 13 100 3 11 100 0 9 100 1 8 50 2 6 0 
4 11 100 4 13 100 5 10 100 7 10 100 5 12 100 6 13 100 7 14 100 5 11 100 5 10 100 7 10 100 6 10 100 6 9 100 4 8 0 
